1
3
13
0.781072 -0.006757 -0.059209 -0.017745 -0.045621 -0.061988 0.023732 -0.014165 -0.010864 0.038783 0.014131 0.014044 -0.059123 
-0.098800 0.851521 -0.028387 -0.047018 0.020139 0.043102 -0.059254 -0.057385 -0.008848 -0.064995 0.041544 0.049821 0.016930 
-0.042243 -0.030984 0.909885 -0.018035 0.014687 -0.038513 0.054987 0.052386 -0.024752 0.002770 -0.017218 -0.017195 0.066383 
-0.186922 -0.112326 -0.001139 0.951836 0.112822 -0.069107 -0.067385 -0.036184 -0.005216 -0.012606 0.023431 0.039052 -0.066788 
-0.074894 -0.101511 -0.065387 -0.127615 0.761904 -0.001838 -0.008772 0.049110 0.013319 -0.000537 -0.004053 -0.011048 0.009139 
-0.045295 0.065767 -0.049324 -0.086332 -0.025701 0.868933 -0.019065 -0.007312 -0.057248 -0.024762 -0.041041 -0.041149 -0.070307 
-0.049355 0.139184 -0.041100 -0.026165 -0.066456 -0.082772 0.829343 0.105038 0.025207 0.024976 0.013490 0.054740 -0.158087 
0.000959 0.027977 0.100655 -0.078361 -0.161113 -0.032433 -0.052981 0.809634 0.244777 -0.023904 -0.157050 0.026331 -0.128979 
-0.043288 0.036548 -0.030005 -0.001906 0.012625 -0.108658 0.011740 0.060274 0.903370 0.237944 -0.102150 -0.036368 -0.084404 
-0.009564 0.109445 0.009913 -0.013755 -0.120214 0.068287 -0.116089 0.005238 0.059170 0.845608 0.168796 0.059378 -0.068451 
-0.035036 0.057943 0.063307 -0.022083 -0.044352 -0.042874 0.055525 0.012474 -0.081967 0.067409 0.809636 0.092157 0.039220 
0.048076 -0.014252 0.080877 0.022033 0.010336 -0.070303 -0.059967 0.120208 -0.030339 -0.002818 -0.081791 0.913789 0.105174 
0.117164 0.128173 0.076394 0.088907 0.052823 0.018463 -0.003082 -0.042746 0.013619 0.046892 -0.023595 -0.002373 0.949655 
-1.145134 -1.009487 -0.190258 -1.574636 0.558964 0.257906 -0.008004 0.702065 1.269593 -1.062689 -0.069523 1.047939 -0.404443 
1.0 1.0 1.0 1.0 1.0 1.0 1.0 1.0 1.0 1.0 1.0 1.0 1.0 
13
1.014782 0.014375 -0.013384 -0.010966 -0.016466 0.011982 0.010042 0.045950 0.006423 0.025833 0.003591 0.011133 -0.005640 
-0.080193 0.916411 -0.001572 -0.025867 0.019932 -0.012153 0.019130 -0.058216 0.032165 -0.048474 0.016048 0.023744 0.008078 
0.052805 -0.040768 0.917832 0.007597 0.015423 -0.011205 0.009341 0.028006 -0.005090 0.005102 0.033985 0.012557 0.029987 
-0.129560 0.063383 0.013710 0.984402 -0.005060 0.070551 -0.032878 0.069592 0.004882 0.054985 -0.096804 0.073730 -0.028721 
-0.038591 -0.094604 -0.053752 -0.072360 0.811010 0.018261 0.045822 0.007130 0.075966 -0.069491 -0.007215 -0.026778 0.028845 
0.008553 0.012225 -0.074260 -0.050604 0.012846 0.858118 0.081701 -0.014188 -0.007521 -0.000801 -0.066772 -0.020118 0.018780 
0.094953 0.109014 0.013204 0.019560 -0.053472 0.042158 0.912318 0.060376 -0.060769 0.077959 0.005431 -0.007023 -0.035601 
0.086249 0.030995 0.000857 -0.068170 -0.045489 0.009437 0.024922 0.882766 0.143312 0.002379 -0.075169 -0.020471 -0.083845 
-0.080230 -0.027887 -0.027904 -0.030923 -0.005373 -0.107062 -0.016971 0.016411 0.913159 0.215078 0.034233 -0.034515 0.005478 
0.117423 0.082728 0.004762 0.012053 -0.052127 0.040042 -0.014131 -0.036258 0.074348 0.846001 0.184287 0.008350 -0.093120 
0.051535 0.041296 0.108913 -0.089576 -0.028104 -0.092683 0.012335 -0.056963 -0.069766 0.041316 0.941692 0.082106 0.019659 
0.053849 -0.074495 0.093922 0.008553 -0.027826 -0.023960 -0.021645 0.065305 -0.056846 0.025960 0.054196 0.875292 0.226497 
0.054723 0.097733 0.098237 0.064350 0.016715 -0.064620 0.026063 -0.125627 0.072322 -0.061331 0.128821 -0.075677 1.098033 
0.176874 -0.215861 0.008954 0.115760 0.085847 0.041917 0.170989 -0.096210 -0.223025 0.183263 0.128123 0.165471 -0.312316 
1.0 1.0 1.0 1.0 1.0 1.0 1.0 1.0 1.0 1.0 1.0 1.0 1.0 
13
0.997978 -0.008900 0.008732 -0.034209 -0.022339 -0.019974 0.018069 0.007104 -0.007472 0.027292 -0.006394 0.015590 0.013510 
-0.034086 0.982734 -0.006296 -0.006879 -0.005370 0.010899 -0.006958 0.018088 -0.007694 -0.005916 0.020166 -0.011710 0.026440 
-0.009808 -0.033439 0.908008 0.037666 0.028299 -0.015332 0.004100 0.012587 0.004797 -0.004073 0.001008 0.003805 0.030028 
-0.059265 0.140628 0.038302 1.033266 -0.014017 0.036619 -0.010103 0.046007 0.021702 0.053523 -0.065046 0.042666 -0.069224 
-0.029905 -0.118173 -0.041428 -0.042125 0.897147 0.055132 0.014130 0.007533 0.036451 -0.021987 -0.018448 -0.024964 0.012551 
0.054270 -0.012124 -0.051709 -0.004175 0.007909 0.942311 0.043860 0.039553 -0.016675 0.015835 -0.014836 -0.070943 0.041547 
0.106171 0.083297 -0.004419 0.002908 -0.061115 0.069387 0.976941 0.069477 -0.033810 0.038778 0.053940 -0.039478 0.002931 
0.052959 0.055968 -0.000741 -0.002187 -0.055396 0.028437 -0.006234 1.006544 0.076523 -0.026591 -0.030383 -0.009545 -0.119919 
-0.080608 -0.004916 0.008339 -0.029182 0.020129 -0.069334 -0.009715 0.049999 0.925305 0.114206 0.005532 0.006852 0.028772 
0.084818 0.079686 -0.026347 0.002831 -0.065044 0.045364 -0.016369 0.027814 0.039323 0.940327 0.102223 0.030779 -0.037283 
-0.023585 -0.001168 0.084820 -0.055371 -0.079070 -0.037797 0.008745 -0.031480 -0.021986 0.047528 0.952638 0.100150 -0.009467 
0.017853 -0.051221 0.085568 0.015772 -0.036339 -0.029405 -0.032455 0.032362 -0.006768 0.076507 -0.010835 1.021601 0.098863 
0.071067 0.071216 0.017112 0.070524 0.048517 -0.060195 0.028529 -0.141637 0.019715 -0.010614 -0.003316 0.010445 1.043604 
0.038280 -0.047848 0.173844 0.224616 -0.278640 0.163494 -0.008444 0.007073 -0.330966 0.274958 0.138134 0.347700 -0.160048 
1.0 1.0 1.0 1.0 1.0 1.0 1.0 1.0 1.0 1.0 1.0 1.0 1.0 
